Keys,IV,PlainText,CipherText,CipherTextLength,PlainTextLength,Key1,Key2,Key3
01010101010101010707070707070707FEFEFEFEFEFEFEFE,0000000000000000,000000000000000000000000000000000000000000000000,ABEFC7577D35A7979FE7CFF72BBF21755768E2680C488D9C,192,192,0101010101010101,0707070707070707,FEFEFEFEFEFEFEFE
01010101010101010707070707070707FEFEFEFEFEFEFEFE,0000000000000000,000000000000000000000000000000000000000000000001,ABEFC7577D35A7979FE7CFF72BBF21755768E2680C488D9D,192,192,0101010101010101,0707070707070707,FEFEFEFEFEFEFEFE
01010101010101010707070707070707FEFEFEFEFEFEFEFE,0000000000000000,000000000000000000000000000000000000000000000002,ABEFC7577D35A7979FE7CFF72BBF21755768E2680C488D9E,192,192,0101010101010101,0707070707070707,FEFEFEFEFEFEFEFE
01010101010101010707070707070707FEFEFEFEFEFEFEFE,0000000000000000,000000000000000000000000000000000000000000000004,ABEFC7577D35A7979FE7CFF72BBF21755768E2680C488D98,192,192,0101010101010101,0707070707070707,FEFEFEFEFEFEFEFE
01010101010101010707070707070707FEFEFEFEFEFEFEFE,0000000000000000,000000000000000000000000000000000000000000000008,ABEFC7577D35A7979FE7CFF72BBF21755768E2680C488D94,192,192,0101010101010101,0707070707070707,FEFEFEFEFEFEFEFE
01010101010101010707070707070707FEFEFEFEFEFEFEFE,0000000000000000,000000000000000000000000000000000000000000000010,ABEFC7577D35A7979FE7CFF72BBF21755768E2680C488D8C,192,192,0101010101010101,0707070707070707,FEFEFEFEFEFEFEFE
01010101010101010707070707070707FEFEFEFEFEFEFEFE,0000000000000000,000000000000000000000000000000000000000000000020,ABEFC7577D35A7979FE7CFF72BBF21755768E2680C488DBC,192,192,0101010101010101,0707070707070707,FEFEFEFEFEFEFEFE
01010101010101010707070707070707FEFEFEFEFEFEFEFE,0000000000000000,000000000000000000000000000000000000000000000040,ABEFC7577D35A7979FE7CFF72BBF21755768E2680C488DDC,192,192,0101010101010101,0707070707070707,FEFEFEFEFEFEFEFE
01010101010101010707070707070707FEFEFEFEFEFEFEFE,0000000000000000,000000000000000000000000000000000000000000000080,ABEFC7577D35A7979FE7CFF72BBF21755768E2680C488D1C,192,192,0101010101010101,0707070707070707,FEFEFEFEFEFEFEFE
01010101010101010707070707070707FEFEFEFEFEFEFEFE,0000000000000000,000000000000000000000000000000000000000000000100,ABEFC7577D35A7979FE7CFF72BBF21755768E2680C488C9C,192,192,0101010101010101,0707070707070707,FEFEFEFEFEFEFEFE
01010101010101010707070707070707FEFEFEFEFEFEFEFE,0000000000000000,000000000000000000000000000000000000000000000200,ABEFC7577D35A7979FE7CFF72BBF21755768E2680C488F9C,192,192,0101010101010101,0707070707070707,FEFEFEFEFEFEFEFE
01010101010101010707070707070707FEFEFEFEFEFEFEFE,0000000000000000,000000000000000000000000000000000000000000000400,ABEFC7577D35A7979FE7CFF72BBF21755768E2680C48899C,192,192,0101010101010101,0707070707070707,FEFEFEFEFEFEFEFE
01010101010101010707070707070707FEFEFEFEFEFEFEFE,0000000000000000,000000000000000000000000000000000000000000000800,ABEFC7577D35A7979FE7CFF72BBF21755768E2680C48859C,192,192,0101010101010101,0707070707070707,FEFEFEFEFEFEFEFE
01010101010101010707070707070707FEFEFEFEFEFEFEFE,0000000000000000,000000000000000000000000000000000000000000001000,ABEFC7577D35A7979FE7CFF72BBF21755768E2680C489D9C,192,192,0101010101010101,0707070707070707,FEFEFEFEFEFEFEFE
01010101010101010707070707070707FEFEFEFEFEFEFEFE,0000000000000000,000000000000000000000000000000000000000000002000,ABEFC7577D35A7979FE7CFF72BBF21755768E2680C48AD9C,192,192,0101010101010101,0707070707070707,FEFEFEFEFEFEFEFE
01010101010101010707070707070707FEFEFEFEFEFEFEFE,0000000000000000,000000000000000000000000000000000000000000004000,ABEFC7577D35A7979FE7CFF72BBF21755768E2680C48CD9C,192,192,0101010101010101,0707070707070707,FEFEFEFEFEFEFEFE
01010101010101010707070707070707FEFEFEFEFEFEFEFE,0000000000000000,000000000000000000000000000000000000000000008000,ABEFC7577D35A7979FE7CFF72BBF21755768E2680C480D9C,192,192,0101010101010101,0707070707070707,FEFEFEFEFEFEFEFE
01010101010101010707070707070707FEFEFEFEFEFEFEFE,0000000000000000,000000000000000000000000000000000000000000010000,ABEFC7577D35A7979FE7CFF72BBF21755768E2680C498D9C,192,192,0101010101010101,0707070707070707,FEFEFEFEFEFEFEFE
01010101010101010707070707070707FEFEFEFEFEFEFEFE,0000000000000000,000000000000000000000000000000000000000000020000,ABEFC7577D35A7979FE7CFF72BBF21755768E2680C4A8D9C,192,192,0101010101010101,0707070707070707,FEFEFEFEFEFEFEFE
01010101010101010707070707070707FEFEFEFEFEFEFEFE,0000000000000000,000000000000000000000000000000000000000000040000,ABEFC7577D35A7979FE7CFF72BBF21755768E2680C4C8D9C,192,192,0101010101010101,0707070707070707,FEFEFEFEFEFEFEFE
01010101010101010707070707070707FEFEFEFEFEFEFEFE,0000000000000000,000000000000000000000000000000000000000000080000,ABEFC7577D35A7979FE7CFF72BBF21755768E2680C408D9C,192,192,0101010101010101,0707070707070707,FEFEFEFEFEFEFEFE
01010101010101010707070707070707FEFEFEFEFEFEFEFE,0000000000000000,000000000000000000000000000000000000000000100000,ABEFC7577D35A7979FE7CFF72BBF21755768E2680C588D9C,192,192,0101010101010101,0707070707070707,FEFEFEFEFEFEFEFE
01010101010101010707070707070707FEFEFEFEFEFEFEFE,0000000000000000,000000000000000000000000000000000000000000200000,ABEFC7577D35A7979FE7CFF72BBF21755768E2680C688D9C,192,192,0101010101010101,0707070707070707,FEFEFEFEFEFEFEFE
01010101010101010707070707070707FEFEFEFEFEFEFEFE,0000000000000000,000000000000000000000000000000000000000000400000,ABEFC7577D35A7979FE7CFF72BBF21755768E2680C088D9C,192,192,0101010101010101,0707070707070707,FEFEFEFEFEFEFEFE
01010101010101010707070707070707FEFEFEFEFEFEFEFE,0000000000000000,000000000000000000000000000000000000000000800000,ABEFC7577D35A7979FE7CFF72BBF21755768E2680CC88D9C,192,192,0101010101010101,0707070707070707,FEFEFEFEFEFEFEFE
01010101010101010707070707070707FEFEFEFEFEFEFEFE,0000000000000000,000000000000000000000000000000000000000001000000,ABEFC7577D35A7979FE7CFF72BBF21755768E2680D488D9C,192,192,0101010101010101,0707070707070707,FEFEFEFEFEFEFEFE
01010101010101010707070707070707FEFEFEFEFEFEFEFE,0000000000000000,000000000000000000000000000000000000000002000000,ABEFC7577D35A7979FE7CFF72BBF21755768E2680E488D9C,192,192,0101010101010101,0707070707070707,FEFEFEFEFEFEFEFE
01010101010101010707070707070707FEFEFEFEFEFEFEFE,0000000000000000,000000000000000000000000000000000000000004000000,ABEFC7577D35A7979FE7CFF72BBF21755768E26808488D9C,192,192,0101010101010101,0707070707070707,FEFEFEFEFEFEFEFE
01010101010101010707070707070707FEFEFEFEFEFEFEFE,0000000000000000,000000000000000000000000000000000000000008000000,ABEFC7577D35A7979FE7CFF72BBF21755768E26804488D9C,192,192,0101010101010101,0707070707070707,FEFEFEFEFEFEFEFE
01010101010101010707070707070707FEFEFEFEFEFEFEFE,0000000000000000,000000000000000000000000000000000000000010000000,ABEFC7577D35A7979FE7CFF72BBF21755768E2681C488D9C,192,192,0101010101010101,0707070707070707,FEFEFEFEFEFEFEFE
01010101010101010707070707070707FEFEFEFEFEFEFEFE,0000000000000000,000000000000000000000000000000000000000020000000,ABEFC7577D35A7979FE7CFF72BBF21755768E2682C488D9C,192,192,0101010101010101,0707070707070707,FEFEFEFEFEFEFEFE
01010101010101010707070707070707FEFEFEFEFEFEFEFE,0000000000000000,000000000000000000000000000000000000000040000000,ABEFC7577D35A7979FE7CFF72BBF21755768E2684C488D9C,192,192,0101010101010101,0707070707070707,FEFEFEFEFEFEFEFE
01010101010101010707070707070707FEFEFEFEFEFEFEFE,0000000000000000,000000000000000000000000000000000000000080000000,ABEFC7577D35A7979FE7CFF72BBF21755768E2688C488D9C,192,192,0101010101010101,0707070707070707,FEFEFEFEFEFEFEFE
01010101010101010707070707070707FEFEFEFEFEFEFEFE,0000000000000000,000000000000000000000000000000000000000100000000,ABEFC7577D35A7979FE7CFF72BBF21755768E2690C488D9C,192,192,0101010101010101,0707070707070707,FEFEFEFEFEFEFEFE
01010101010101010707070707070707FEFEFEFEFEFEFEFE,0000000000000000,000000000000000000000000000000000000000200000000,ABEFC7577D35A7979FE7CFF72BBF21755768E26A0C488D9C,192,192,0101010101010101,0707070707070707,FEFEFEFEFEFEFEFE
01010101010101010707070707070707FEFEFEFEFEFEFEFE,0000000000000000,000000000000000000000000000000000000000400000000,ABEFC7577D35A7979FE7CFF72BBF21755768E26C0C488D9C,192,192,0101010101010101,0707070707070707,FEFEFEFEFEFEFEFE
01010101010101010707070707070707FEFEFEFEFEFEFEFE,0000000000000000,000000000000000000000000000000000000000800000000,ABEFC7577D35A7979FE7CFF72BBF21755768E2600C488D9C,192,192,0101010101010101,0707070707070707,FEFEFEFEFEFEFEFE
01010101010101010707070707070707FEFEFEFEFEFEFEFE,0000000000000000,000000000000000000000000000000000000001000000000,ABEFC7577D35A7979FE7CFF72BBF21755768E2780C488D9C,192,192,0101010101010101,0707070707070707,FEFEFEFEFEFEFEFE
01010101010101010707070707070707FEFEFEFEFEFEFEFE,0000000000000000,000000000000000000000000000000000000002000000000,ABEFC7577D35A7979FE7CFF72BBF21755768E2480C488D9C,192,192,0101010101010101,0707070707070707,FEFEFEFEFEFEFEFE
01010101010101010707070707070707FEFEFEFEFEFEFEFE,0000000000000000,000000000000000000000000000000000000004000000000,ABEFC7577D35A7979FE7CFF72BBF21755768E2280C488D9C,192,192,0101010101010101,0707070707070707,FEFEFEFEFEFEFEFE
01010101010101010707070707070707FEFEFEFEFEFEFEFE,0000000000000000,000000000000000000000000000000000000008000000000,ABEFC7577D35A7979FE7CFF72BBF21755768E2E80C488D9C,192,192,0101010101010101,0707070707070707,FEFEFEFEFEFEFEFE
01010101010101010707070707070707FEFEFEFEFEFEFEFE,0000000000000000,000000000000000000000000000000000000010000000000,ABEFC7577D35A7979FE7CFF72BBF21755768E3680C488D9C,192,192,0101010101010101,0707070707070707,FEFEFEFEFEFEFEFE
01010101010101010707070707070707FEFEFEFEFEFEFEFE,0000000000000000,000000000000000000000000000000000000020000000000,ABEFC7577D35A7979FE7CFF72BBF21755768E0680C488D9C,192,192,0101010101010101,0707070707070707,FEFEFEFEFEFEFEFE
01010101010101010707070707070707FEFEFEFEFEFEFEFE,0000000000000000,000000000000000000000000000000000000040000000000,ABEFC7577D35A7979FE7CFF72BBF21755768E6680C488D9C,192,192,0101010101010101,0707070707070707,FEFEFEFEFEFEFEFE
01010101010101010707070707070707FEFEFEFEFEFEFEFE,0000000000000000,000000000000000000000000000000000000080000000000,ABEFC7577D35A7979FE7CFF72BBF21755768EA680C488D9C,192,192,0101010101010101,0707070707070707,FEFEFEFEFEFEFEFE
01010101010101010707070707070707FEFEFEFEFEFEFEFE,0000000000000000,000000000000000000000000000000000000100000000000,ABEFC7577D35A7979FE7CFF72BBF21755768F2680C488D9C,192,192,0101010101010101,0707070707070707,FEFEFEFEFEFEFEFE
01010101010101010707070707070707FEFEFEFEFEFEFEFE,0000000000000000,000000000000000000000000000000000000200000000000,ABEFC7577D35A7979FE7CFF72BBF21755768C2680C488D9C,192,192,0101010101010101,0707070707070707,FEFEFEFEFEFEFEFE
01010101010101010707070707070707FEFEFEFEFEFEFEFE,0000000000000000,000000000000000000000000000000000000400000000000,ABEFC7577D35A7979FE7CFF72BBF21755768A2680C488D9C,192,192,0101010101010101,0707070707070707,FEFEFEFEFEFEFEFE
01010101010101010707070707070707FEFEFEFEFEFEFEFE,0000000000000000,000000000000000000000000000000000000800000000000,ABEFC7577D35A7979FE7CFF72BBF2175576862680C488D9C,192,192,0101010101010101,0707070707070707,FEFEFEFEFEFEFEFE
01010101010101010707070707070707FEFEFEFEFEFEFEFE,0000000000000000,000000000000000000000000000000000001000000000000,ABEFC7577D35A7979FE7CFF72BBF21755769E2680C488D9C,192,192,0101010101010101,0707070707070707,FEFEFEFEFEFEFEFE
01010101010101010707070707070707FEFEFEFEFEFEFEFE,0000000000000000,000000000000000000000000000000000002000000000000,ABEFC7577D35A7979FE7CFF72BBF2175576AE2680C488D9C,192,192,0101010101010101,0707070707070707,FEFEFEFEFEFEFEFE
01010101010101010707070707070707FEFEFEFEFEFEFEFE,0000000000000000,000000000000000000000000000000000004000000000000,ABEFC7577D35A7979FE7CFF72BBF2175576CE2680C488D9C,192,192,0101010101010101,0707070707070707,FEFEFEFEFEFEFEFE
01010101010101010707070707070707FEFEFEFEFEFEFEFE,0000000000000000,000000000000000000000000000000000008000000000000,ABEFC7577D35A7979FE7CFF72BBF21755760E2680C488D9C,192,192,0101010101010101,0707070707070707,FEFEFEFEFEFEFEFE
01010101010101010707070707070707FEFEFEFEFEFEFEFE,0000000000000000,000000000000000000000000000000000010000000000000,ABEFC7577D35A7979FE7CFF72BBF21755778E2680C488D9C,192,192,0101010101010101,0707070707070707,FEFEFEFEFEFEFEFE
01010101010101010707070707070707FEFEFEFEFEFEFEFE,0000000000000000,000000000000000000000000000000000020000000000000,ABEFC7577D35A7979FE7CFF72BBF21755748E2680C488D9C,192,192,0101010101010101,0707070707070707,FEFEFEFEFEFEFEFE
01010101010101010707070707070707FEFEFEFEFEFEFEFE,0000000000000000,000000000000000000000000000000000040000000000000,ABEFC7577D35A7979FE7CFF72BBF21755728E2680C488D9C,192,192,0101010101010101,0707070707070707,FEFEFEFEFEFEFEFE
01010101010101010707070707070707FEFEFEFEFEFEFEFE,0000000000000000,000000000000000000000000000000000080000000000000,ABEFC7577D35A7979FE7CFF72BBF217557E8E2680C488D9C,192,192,0101010101010101,0707070707070707,FEFEFEFEFEFEFEFE
01010101010101010707070707070707FEFEFEFEFEFEFEFE,0000000000000000,000000000000000000000000000000000100000000000000,ABEFC7577D35A7979FE7CFF72BBF21755668E2680C488D9C,192,192,0101010101010101,0707070707070707,FEFEFEFEFEFEFEFE
01010101010101010707070707070707FEFEFEFEFEFEFEFE,0000000000000000,000000000000000000000000000000000200000000000000,ABEFC7577D35A7979FE7CFF72BBF21755568E2680C488D9C,192,192,0101010101010101,0707070707070707,FEFEFEFEFEFEFEFE
01010101010101010707070707070707FEFEFEFEFEFEFEFE,0000000000000000,000000000000000000000000000000000400000000000000,ABEFC7577D35A7979FE7CFF72BBF21755368E2680C488D9C,192,192,0101010101010101,0707070707070707,FEFEFEFEFEFEFEFE
01010101010101010707070707070707FEFEFEFEFEFEFEFE,0000000000000000,000000000000000000000000000000000800000000000000,ABEFC7577D35A7979FE7CFF72BBF21755F68E2680C488D9C,192,192,0101010101010101,0707070707070707,FEFEFEFEFEFEFEFE
01010101010101010707070707070707FEFEFEFEFEFEFEFE,0000000000000000,000000000000000000000000000000001000000000000000,ABEFC7577D35A7979FE7CFF72BBF21754768E2680C488D9C,192,192,0101010101010101,0707070707070707,FEFEFEFEFEFEFEFE
01010101010101010707070707070707FEFEFEFEFEFEFEFE,0000000000000000,000000000000000000000000000000002000000000000000,ABEFC7577D35A7979FE7CFF72BBF21757768E2680C488D9C,192,192,0101010101010101,0707070707070707,FEFEFEFEFEFEFEFE
01010101010101010707070707070707FEFEFEFEFEFEFEFE,0000000000000000,000000000000000000000000000000004000000000000000,ABEFC7577D35A7979FE7CFF72BBF21751768E2680C488D9C,192,192,0101010101010101,0707070707070707,FEFEFEFEFEFEFEFE
01010101010101010707070707070707FEFEFEFEFEFEFEFE,0000000000000000,000000000000000000000000000000008000000000000000,ABEFC7577D35A7979FE7CFF72BBF2175D768E2680C488D9C,192,192,0101010101010101,0707070707070707,FEFEFEFEFEFEFEFE
01010101010101010707070707070707FEFEFEFEFEFEFEFE,0000000000000000,000000000000000000000000000000010000000000000000,ABEFC7577D35A7979FE7CFF72BBF21745768E2680C488D9C,192,192,0101010101010101,0707070707070707,FEFEFEFEFEFEFEFE
01010101010101010707070707070707FEFEFEFEFEFEFEFE,0000000000000000,000000000000000000000000000000020000000000000000,ABEFC7577D35A7979FE7CFF72BBF21775768E2680C488D9C,192,192,0101010101010101,0707070707070707,FEFEFEFEFEFEFEFE
01010101010101010707070707070707FEFEFEFEFEFEFEFE,0000000000000000,000000000000000000000000000000040000000000000000,ABEFC7577D35A7979FE7CFF72BBF21715768E2680C488D9C,192,192,0101010101010101,0707070707070707,FEFEFEFEFEFEFEFE
01010101010101010707070707070707FEFEFEFEFEFEFEFE,0000000000000000,000000000000000000000000000000080000000000000000,ABEFC7577D35A7979FE7CFF72BBF217D5768E2680C488D9C,192,192,0101010101010101,0707070707070707,FEFEFEFEFEFEFEFE
01010101010101010707070707070707FEFEFEFEFEFEFEFE,0000000000000000,000000000000000000000000000000100000000000000000,ABEFC7577D35A7979FE7CFF72BBF21655768E2680C488D9C,192,192,0101010101010101,0707070707070707,FEFEFEFEFEFEFEFE
01010101010101010707070707070707FEFEFEFEFEFEFEFE,0000000000000000,000000000000000000000000000000200000000000000000,ABEFC7577D35A7979FE7CFF72BBF21555768E2680C488D9C,192,192,0101010101010101,0707070707070707,FEFEFEFEFEFEFEFE
01010101010101010707070707070707FEFEFEFEFEFEFEFE,0000000000000000,000000000000000000000000000000400000000000000000,ABEFC7577D35A7979FE7CFF72BBF21355768E2680C488D9C,192,192,0101010101010101,0707070707070707,FEFEFEFEFEFEFEFE
01010101010101010707070707070707FEFEFEFEFEFEFEFE,0000000000000000,000000000000000000000000000000800000000000000000,ABEFC7577D35A7979FE7CFF72BBF21F55768E2680C488D9C,192,192,0101010101010101,0707070707070707,FEFEFEFEFEFEFEFE
01010101010101010707070707070707FEFEFEFEFEFEFEFE,0000000000000000,000000000000000000000000000001000000000000000000,ABEFC7577D35A7979FE7CFF72BBF20755768E2680C488D9C,192,192,0101010101010101,0707070707070707,FEFEFEFEFEFEFEFE
01010101010101010707070707070707FEFEFEFEFEFEFEFE,0000000000000000,000000000000000000000000000002000000000000000000,ABEFC7577D35A7979FE7CFF72BBF23755768E2680C488D9C,192,192,0101010101010101,0707070707070707,FEFEFEFEFEFEFEFE
01010101010101010707070707070707FEFEFEFEFEFEFEFE,0000000000000000,000000000000000000000000000004000000000000000000,ABEFC7577D35A7979FE7CFF72BBF25755768E2680C488D9C,192,192,0101010101010101,0707070707070707,FEFEFEFEFEFEFEFE
01010101010101010707070707070707FEFEFEFEFEFEFEFE,0000000000000000,000000000000000000000000000008000000000000000000,ABEFC7577D35A7979FE7CFF72BBF29755768E2680C488D9C,192,192,0101010101010101,0707070707070707,FEFEFEFEFEFEFEFE
01010101010101010707070707070707FEFEFEFEFEFEFEFE,0000000000000000,000000000000000000000000000010000000000000000000,ABEFC7577D35A7979FE7CFF72BBF31755768E2680C488D9C,192,192,0101010101010101,0707070707070707,FEFEFEFEFEFEFEFE
01010101010101010707070707070707FEFEFEFEFEFEFEFE,0000000000000000,000000000000000000000000000020000000000000000000,ABEFC7577D35A7979FE7CFF72BBF01755768E2680C488D9C,192,192,0101010101010101,0707070707070707,FEFEFEFEFEFEFEFE
01010101010101010707070707070707FEFEFEFEFEFEFEFE,0000000000000000,000000000000000000000000000040000000000000000000,ABEFC7577D35A7979FE7CFF72BBF61755768E2680C488D9C,192,192,0101010101010101,0707070707070707,FEFEFEFEFEFEFEFE
01010101010101010707070707070707FEFEFEFEFEFEFEFE,0000000000000000,000000000000000000000000000080000000000000000000,ABEFC7577D35A7979FE7CFF72BBFA1755768E2680C488D9C,192,192,0101010101010101,0707070707070707,FEFEFEFEFEFEFEFE
01010101010101010707070707070707FEFEFEFEFEFEFEFE,0000000000000000,000000000000000000000000000100000000000000000000,ABEFC7577D35A7979FE7CFF72BBE21755768E2680C488D9C,192,192,0101010101010101,0707070707070707,FEFEFEFEFEFEFEFE
01010101010101010707070707070707FEFEFEFEFEFEFEFE,0000000000000000,000000000000000000000000000200000000000000000000,ABEFC7577D35A7979FE7CFF72BBD21755768E2680C488D9C,192,192,0101010101010101,0707070707070707,FEFEFEFEFEFEFEFE
01010101010101010707070707070707FEFEFEFEFEFEFEFE,0000000000000000,000000000000000000000000000400000000000000000000,ABEFC7577D35A7979FE7CFF72BBB21755768E2680C488D9C,192,192,0101010101010101,0707070707070707,FEFEFEFEFEFEFEFE
01010101010101010707070707070707FEFEFEFEFEFEFEFE,0000000000000000,000000000000000000000000000800000000000000000000,ABEFC7577D35A7979FE7CFF72BB721755768E2680C488D9C,192,192,0101010101010101,0707070707070707,FEFEFEFEFEFEFEFE
01010101010101010707070707070707FEFEFEFEFEFEFEFE,0000000000000000,000000000000000000000000001000000000000000000000,ABEFC7577D35A7979FE7CFF72BAF21755768E2680C488D9C,192,192,0101010101010101,0707070707070707,FEFEFEFEFEFEFEFE
01010101010101010707070707070707FEFEFEFEFEFEFEFE,0000000000000000,000000000000000000000000002000000000000000000000,ABEFC7577D35A7979FE7CFF72B9F21755768E2680C488D9C,192,192,0101010101010101,0707070707070707,FEFEFEFEFEFEFEFE
01010101010101010707070707070707FEFEFEFEFEFEFEFE,0000000000000000,000000000000000000000000004000000000000000000000,ABEFC7577D35A7979FE7CFF72BFF21755768E2680C488D9C,192,192,0101010101010101,0707070707070707,FEFEFEFEFEFEFEFE
01010101010101010707070707070707FEFEFEFEFEFEFEFE,0000000000000000,000000000000000000000000008000000000000000000000,ABEFC7577D35A7979FE7CFF72B3F21755768E2680C488D9C,192,192,0101010101010101,0707070707070707,FEFEFEFEFEFEFEFE
01010101010101010707070707070707FEFEFEFEFEFEFEFE,0000000000000000,000000000000000000000000010000000000000000000000,ABEFC7577D35A7979FE7CFF72ABF21755768E2680C488D9C,192,192,0101010101010101,0707070707070707,FEFEFEFEFEFEFEFE
01010101010101010707070707070707FEFEFEFEFEFEFEFE,0000000000000000,000000000000000000000000020000000000000000000000,ABEFC7577D35A7979FE7CFF729BF21755768E2680C488D9C,192,192,0101010101010101,0707070707070707,FEFEFEFEFEFEFEFE
01010101010101010707070707070707FEFEFEFEFEFEFEFE,0000000000000000,000000000000000000000000040000000000000000000000,ABEFC7577D35A7979FE7CFF72FBF21755768E2680C488D9C,192,192,0101010101010101,0707070707070707,FEFEFEFEFEFEFEFE
01010101010101010707070707070707FEFEFEFEFEFEFEFE,0000000000000000,000000000000000000000000080000000000000000000000,ABEFC7577D35A7979FE7CFF723BF21755768E2680C488D9C,192,192,0101010101010101,0707070707070707,FEFEFEFEFEFEFEFE
01010101010101010707070707070707FEFEFEFEFEFEFEFE,0000000000000000,000000000000000000000000100000000000000000000000,ABEFC7577D35A7979FE7CFF73BBF21755768E2680C488D9C,192,192,0101010101010101,0707070707070707,FEFEFEFEFEFEFEFE
01010101010101010707070707070707FEFEFEFEFEFEFEFE,0000000000000000,000000000000000000000000200000000000000000000000,ABEFC7577D35A7979FE7CFF70BBF21755768E2680C488D9C,192,192,0101010101010101,0707070707070707,FEFEFEFEFEFEFEFE
01010101010101010707070707070707FEFEFEFEFEFEFEFE,0000000000000000,000000000000000000000000400000000000000000000000,ABEFC7577D35A7979FE7CFF76BBF21755768E2680C488D9C,192,192,0101010101010101,0707070707070707,FEFEFEFEFEFEFEFE
01010101010101010707070707070707FEFEFEFEFEFEFEFE,0000000000000000,000000000000000000000000800000000000000000000000,ABEFC7577D35A7979FE7CFF7ABBF21755768E2680C488D9C,192,192,0101010101010101,0707070707070707,FEFEFEFEFEFEFEFE
01010101010101010707070707070707FEFEFEFEFEFEFEFE,0000000000000000,000000000000000000000001000000000000000000000000,ABEFC7577D35A7979FE7CFF62BBF21755768E2680C488D9C,192,192,0101010101010101,0707070707070707,FEFEFEFEFEFEFEFE
01010101010101010707070707070707FEFEFEFEFEFEFEFE,0000000000000000,000000000000000000000002000000000000000000000000,ABEFC7577D35A7979FE7CFF52BBF21755768E2680C488D9C,192,192,0101010101010101,0707070707070707,FEFEFEFEFEFEFEFE
01010101010101010707070707070707FEFEFEFEFEFEFEFE,0000000000000000,000000000000000000000004000000000000000000000000,ABEFC7577D35A7979FE7CFF32BBF21755768E2680C488D9C,192,192,0101010101010101,0707070707070707,FEFEFEFEFEFEFEFE
01010101010101010707070707070707FEFEFEFEFEFEFEFE,0000000000000000,000000000000000000000008000000000000000000000000,ABEFC7577D35A7979FE7CFFF2BBF21755768E2680C488D9C,192,192,0101010101010101,0707070707070707,FEFEFEFEFEFEFEFE
01010101010101010707070707070707FEFEFEFEFEFEFEFE,0000000000000000,000000000000000000000010000000000000000000000000,ABEFC7577D35A7979FE7CFE72BBF21755768E2680C488D9C,192,192,0101010101010101,0707070707070707,FEFEFEFEFEFEFEFE
01010101010101010707070707070707FEFEFEFEFEFEFEFE,0000000000000000,000000000000000000000020000000000000000000000000,ABEFC7577D35A7979FE7CFD72BBF21755768E2680C488D9C,192,192,0101010101010101,0707070707070707,FEFEFEFEFEFEFEFE
01010101010101010707070707070707FEFEFEFEFEFEFEFE,0000000000000000,000000000000000000000040000000000000000000000000,ABEFC7577D35A7979FE7CFB72BBF21755768E2680C488D9C,192,192,0101010101010101,0707070707070707,FEFEFEFEFEFEFEFE
01010101010101010707070707070707FEFEFEFEFEFEFEFE,0000000000000000,000000000000000000000080000000000000000000000000,ABEFC7577D35A7979FE7CF772BBF21755768E2680C488D9C,192,192,0101010101010101,0707070707070707,FEFEFEFEFEFEFEFE
01010101010101010707070707070707FEFEFEFEFEFEFEFE,0000000000000000,000000000000000000000100000000000000000000000000,ABEFC7577D35A7979FE7CEF72BBF21755768E2680C488D9C,192,192,0101010101010101,0707070707070707,FEFEFEFEFEFEFEFE
01010101010101010707070707070707FEFEFEFEFEFEFEFE,0000000000000000,000000000000000000000200000000000000000000000000,ABEFC7577D35A7979FE7CDF72BBF21755768E2680C488D9C,192,192,0101010101010101,0707070707070707,FEFEFEFEFEFEFEFE
01010101010101010707070707070707FEFEFEFEFEFEFEFE,0000000000000000,000000000000000000000400000000000000000000000000,ABEFC7577D35A7979FE7CBF72BBF21755768E2680C488D9C,192,192,0101010101010101,0707070707070707,FEFEFEFEFEFEFEFE
01010101010101010707070707070707FEFEFEFEFEFEFEFE,0000000000000000,000000000000000000000800000000000000000000000000,ABEFC7577D35A7979FE7C7F72BBF21755768E2680C488D9C,192,192,0101010101010101,0707070707070707,FEFEFEFEFEFEFEFE
01010101010101010707070707070707FEFEFEFEFEFEFEFE,0000000000000000,000000000000000000001000000000000000000000000000,ABEFC7577D35A7979FE7DFF72BBF21755768E2680C488D9C,192,192,0101010101010101,0707070707070707,FEFEFEFEFEFEFEFE
01010101010101010707070707070707FEFEFEFEFEFEFEFE,0000000000000000,000000000000000000002000000000000000000000000000,ABEFC7577D35A7979FE7EFF72BBF21755768E2680C488D9C,192,192,0101010101010101,0707070707070707,FEFEFEFEFEFEFEFE
01010101010101010707070707070707FEFEFEFEFEFEFEFE,0000000000000000,000000000000000000004000000000000000000000000000,ABEFC7577D35A7979FE78FF72BBF21755768E2680C488D9C,192,192,0101010101010101,0707070707070707,FEFEFEFEFEFEFEFE
01010101010101010707070707070707FEFEFEFEFEFEFEFE,0000000000000000,000000000000000000008000000000000000000000000000,ABEFC7577D35A7979FE74FF72BBF21755768E2680C488D9C,192,192,0101010101010101,0707070707070707,FEFEFEFEFEFEFEFE
01010101010101010707070707070707FEFEFEFEFEFEFEFE,0000000000000000,000000000000000000010000000000000000000000000000,ABEFC7577D35A7979FE6CFF72BBF21755768E2680C488D9C,192,192,0101010101010101,0707070707070707,FEFEFEFEFEFEFEFE
01010101010101010707070707070707FEFEFEFEFEFEFEFE,0000000000000000,000000000000000000020000000000000000000000000000,ABEFC7577D35A7979FE5CFF72BBF21755768E2680C488D9C,192,192,0101010101010101,0707070707070707,FEFEFEFEFEFEFEFE
01010101010101010707070707070707FEFEFEFEFEFEFEFE,0000000000000000,000000000000000000040000000000000000000000000000,ABEFC7577D35A7979FE3CFF72BBF21755768E2680C488D9C,192,192,0101010101010101,0707070707070707,FEFEFEFEFEFEFEFE
01010101010101010707070707070707FEFEFEFEFEFEFEFE,0000000000000000,000000000000000000080000000000000000000000000000,ABEFC7577D35A7979FEFCFF72BBF21755768E2680C488D9C,192,192,0101010101010101,0707070707070707,FEFEFEFEFEFEFEFE
01010101010101010707070707070707FEFEFEFEFEFEFEFE,0000000000000000,000000000000000000100000000000000000000000000000,ABEFC7577D35A7979FF7CFF72BBF21755768E2680C488D9C,192,192,0101010101010101,0707070707070707,FEFEFEFEFEFEFEFE
01010101010101010707070707070707FEFEFEFEFEFEFEFE,0000000000000000,000000000000000000200000000000000000000000000000,ABEFC7577D35A7979FC7CFF72BBF21755768E2680C488D9C,192,192,0101010101010101,0707070707070707,FEFEFEFEFEFEFEFE
01010101010101010707070707070707FEFEFEFEFEFEFEFE,0000000000000000,000000000000000000400000000000000000000000000000,ABEFC7577D35A7979FA7CFF72BBF21755768E2680C488D9C,192,192,0101010101010101,0707070707070707,FEFEFEFEFEFEFEFE
01010101010101010707070707070707FEFEFEFEFEFEFEFE,0000000000000000,000000000000000000800000000000000000000000000000,ABEFC7577D35A7979F67CFF72BBF21755768E2680C488D9C,192,192,0101010101010101,0707070707070707,FEFEFEFEFEFEFEFE
01010101010101010707070707070707FEFEFEFEFEFEFEFE,0000000000000000,000000000000000001000000000000000000000000000000,ABEFC7577D35A7979EE7CFF72BBF21755768E2680C488D9C,192,192,0101010101010101,0707070707070707,FEFEFEFEFEFEFEFE
01010101010101010707070707070707FEFEFEFEFEFEFEFE,0000000000000000,000000000000000002000000000000000000000000000000,ABEFC7577D35A7979DE7CFF72BBF21755768E2680C488D9C,192,192,0101010101010101,0707070707070707,FEFEFEFEFEFEFEFE
01010101010101010707070707070707FEFEFEFEFEFEFEFE,0000000000000000,000000000000000004000000000000000000000000000000,ABEFC7577D35A7979BE7CFF72BBF21755768E2680C488D9C,192,192,0101010101010101,0707070707070707,FEFEFEFEFEFEFEFE
01010101010101010707070707070707FEFEFEFEFEFEFEFE,0000000000000000,000000000000000008000000000000000000000000000000,ABEFC7577D35A79797E7CFF72BBF21755768E2680C488D9C,192,192,0101010101010101,0707070707070707,FEFEFEFEFEFEFEFE
01010101010101010707070707070707FEFEFEFEFEFEFEFE,0000000000000000,000000000000000010000000000000000000000000000000,ABEFC7577D35A7978FE7CFF72BBF21755768E2680C488D9C,192,192,0101010101010101,0707070707070707,FEFEFEFEFEFEFEFE
01010101010101010707070707070707FEFEFEFEFEFEFEFE,0000000000000000,000000000000000020000000000000000000000000000000,ABEFC7577D35A797BFE7CFF72BBF21755768E2680C488D9C,192,192,0101010101010101,0707070707070707,FEFEFEFEFEFEFEFE
01010101010101010707070707070707FEFEFEFEFEFEFEFE,0000000000000000,000000000000000040000000000000000000000000000000,ABEFC7577D35A797DFE7CFF72BBF21755768E2680C488D9C,192,192,0101010101010101,0707070707070707,FEFEFEFEFEFEFEFE
01010101010101010707070707070707FEFEFEFEFEFEFEFE,0000000000000000,000000000000000080000000000000000000000000000000,ABEFC7577D35A7971FE7CFF72BBF21755768E2680C488D9C,192,192,0101010101010101,0707070707070707,FEFEFEFEFEFEFEFE
01010101010101010707070707070707FEFEFEFEFEFEFEFE,0000000000000000,000000000000000100000000000000000000000000000000,ABEFC7577D35A7969FE7CFF72BBF21755768E2680C488D9C,192,192,0101010101010101,0707070707070707,FEFEFEFEFEFEFEFE
01010101010101010707070707070707FEFEFEFEFEFEFEFE,0000000000000000,000000000000000200000000000000000000000000000000,ABEFC7577D35A7959FE7CFF72BBF21755768E2680C488D9C,192,192,0101010101010101,0707070707070707,FEFEFEFEFEFEFEFE
01010101010101010707070707070707FEFEFEFEFEFEFEFE,0000000000000000,000000000000000400000000000000000000000000000000,ABEFC7577D35A7939FE7CFF72BBF21755768E2680C488D9C,192,192,0101010101010101,0707070707070707,FEFEFEFEFEFEFEFE
01010101010101010707070707070707FEFEFEFEFEFEFEFE,0000000000000000,000000000000000800000000000000000000000000000000,ABEFC7577D35A79F9FE7CFF72BBF21755768E2680C488D9C,192,192,0101010101010101,0707070707070707,FEFEFEFEFEFEFEFE
01010101010101010707070707070707FEFEFEFEFEFEFEFE,0000000000000000,000000000000001000000000000000000000000000000000,ABEFC7577D35A7879FE7CFF72BBF21755768E2680C488D9C,192,192,0101010101010101,0707070707070707,FEFEFEFEFEFEFEFE
01010101010101010707070707070707FEFEFEFEFEFEFEFE,0000000000000000,000000000000002000000000000000000000000000000000,ABEFC7577D35A7B79FE7CFF72BBF21755768E2680C488D9C,192,192,0101010101010101,0707070707070707,FEFEFEFEFEFEFEFE
01010101010101010707070707070707FEFEFEFEFEFEFEFE,0000000000000000,000000000000004000000000000000000000000000000000,ABEFC7577D35A7D79FE7CFF72BBF21755768E2680C488D9C,192,192,0101010101010101,0707070707070707,FEFEFEFEFEFEFEFE
01010101010101010707070707070707FEFEFEFEFEFEFEFE,0000000000000000,000000000000008000000000000000000000000000000000,ABEFC7577D35A7179FE7CFF72BBF21755768E2680C488D9C,192,192,0101010101010101,0707070707070707,FEFEFEFEFEFEFEFE
01010101010101010707070707070707FEFEFEFEFEFEFEFE,0000000000000000,000000000000010000000000000000000000000000000000,ABEFC7577D35A6979FE7CFF72BBF21755768E2680C488D9C,192,192,0101010101010101,0707070707070707,FEFEFEFEFEFEFEFE
01010101010101010707070707070707FEFEFEFEFEFEFEFE,0000000000000000,000000000000020000000000000000000000000000000000,ABEFC7577D35A5979FE7CFF72BBF21755768E2680C488D9C,192,192,0101010101010101,0707070707070707,FEFEFEFEFEFEFEFE
01010101010101010707070707070707FEFEFEFEFEFEFEFE,0000000000000000,000000000000040000000000000000000000000000000000,ABEFC7577D35A3979FE7CFF72BBF21755768E2680C488D9C,192,192,0101010101010101,0707070707070707,FEFEFEFEFEFEFEFE
01010101010101010707070707070707FEFEFEFEFEFEFEFE,0000000000000000,000000000000080000000000000000000000000000000000,ABEFC7577D35AF979FE7CFF72BBF21755768E2680C488D9C,192,192,0101010101010101,0707070707070707,FEFEFEFEFEFEFEFE
01010101010101010707070707070707FEFEFEFEFEFEFEFE,0000000000000000,000000000000100000000000000000000000000000000000,ABEFC7577D35B7979FE7CFF72BBF21755768E2680C488D9C,192,192,0101010101010101,0707070707070707,FEFEFEFEFEFEFEFE
01010101010101010707070707070707FEFEFEFEFEFEFEFE,0000000000000000,000000000000200000000000000000000000000000000000,ABEFC7577D3587979FE7CFF72BBF21755768E2680C488D9C,192,192,0101010101010101,0707070707070707,FEFEFEFEFEFEFEFE
01010101010101010707070707070707FEFEFEFEFEFEFEFE,0000000000000000,000000000000400000000000000000000000000000000000,ABEFC7577D35E7979FE7CFF72BBF21755768E2680C488D9C,192,192,0101010101010101,0707070707070707,FEFEFEFEFEFEFEFE
01010101010101010707070707070707FEFEFEFEFEFEFEFE,0000000000000000,000000000000800000000000000000000000000000000000,ABEFC7577D3527979FE7CFF72BBF21755768E2680C488D9C,192,192,0101010101010101,0707070707070707,FEFEFEFEFEFEFEFE
01010101010101010707070707070707FEFEFEFEFEFEFEFE,0000000000000000,000000000001000000000000000000000000000000000000,ABEFC7577D34A7979FE7CFF72BBF21755768E2680C488D9C,192,192,0101010101010101,0707070707070707,FEFEFEFEFEFEFEFE
01010101010101010707070707070707FEFEFEFEFEFEFEFE,0000000000000000,000000000002000000000000000000000000000000000000,ABEFC7577D37A7979FE7CFF72BBF21755768E2680C488D9C,192,192,0101010101010101,0707070707070707,FEFEFEFEFEFEFEFE
01010101010101010707070707070707FEFEFEFEFEFEFEFE,0000000000000000,000000000004000000000000000000000000000000000000,ABEFC7577D31A7979FE7CFF72BBF21755768E2680C488D9C,192,192,0101010101010101,0707070707070707,FEFEFEFEFEFEFEFE
01010101010101010707070707070707FEFEFEFEFEFEFEFE,0000000000000000,000000000008000000000000000000000000000000000000,ABEFC7577D3DA7979FE7CFF72BBF21755768E2680C488D9C,192,192,0101010101010101,0707070707070707,FEFEFEFEFEFEFEFE
01010101010101010707070707070707FEFEFEFEFEFEFEFE,0000000000000000,000000000010000000000000000000000000000000000000,ABEFC7577D25A7979FE7CFF72BBF21755768E2680C488D9C,192,192,0101010101010101,0707070707070707,FEFEFEFEFEFEFEFE
01010101010101010707070707070707FEFEFEFEFEFEFEFE,0000000000000000,000000000020000000000000000000000000000000000000,ABEFC7577D15A7979FE7CFF72BBF21755768E2680C488D9C,192,192,0101010101010101,0707070707070707,FEFEFEFEFEFEFEFE
01010101010101010707070707070707FEFEFEFEFEFEFEFE,0000000000000000,000000000040000000000000000000000000000000000000,ABEFC7577D75A7979FE7CFF72BBF21755768E2680C488D9C,192,192,0101010101010101,0707070707070707,FEFEFEFEFEFEFEFE
01010101010101010707070707070707FEFEFEFEFEFEFEFE,0000000000000000,000000000080000000000000000000000000000000000000,ABEFC7577DB5A7979FE7CFF72BBF21755768E2680C488D9C,192,192,0101010101010101,0707070707070707,FEFEFEFEFEFEFEFE
01010101010101010707070707070707FEFEFEFEFEFEFEFE,0000000000000000,000000000100000000000000000000000000000000000000,ABEFC7577C35A7979FE7CFF72BBF21755768E2680C488D9C,192,192,0101010101010101,0707070707070707,FEFEFEFEFEFEFEFE
01010101010101010707070707070707FEFEFEFEFEFEFEFE,0000000000000000,000000000200000000000000000000000000000000000000,ABEFC7577F35A7979FE7CFF72BBF21755768E2680C488D9C,192,192,0101010101010101,0707070707070707,FEFEFEFEFEFEFEFE
01010101010101010707070707070707FEFEFEFEFEFEFEFE,0000000000000000,000000000400000000000000000000000000000000000000,ABEFC7577935A7979FE7CFF72BBF21755768E2680C488D9C,192,192,0101010101010101,0707070707070707,FEFEFEFEFEFEFEFE
01010101010101010707070707070707FEFEFEFEFEFEFEFE,0000000000000000,000000000800000000000000000000000000000000000000,ABEFC7577535A7979FE7CFF72BBF21755768E2680C488D9C,192,192,0101010101010101,0707070707070707,FEFEFEFEFEFEFEFE
01010101010101010707070707070707FEFEFEFEFEFEFEFE,0000000000000000,000000001000000000000000000000000000000000000000,ABEFC7576D35A7979FE7CFF72BBF21755768E2680C488D9C,192,192,0101010101010101,0707070707070707,FEFEFEFEFEFEFEFE
01010101010101010707070707070707FEFEFEFEFEFEFEFE,0000000000000000,000000002000000000000000000000000000000000000000,ABEFC7575D35A7979FE7CFF72BBF21755768E2680C488D9C,192,192,0101010101010101,0707070707070707,FEFEFEFEFEFEFEFE
01010101010101010707070707070707FEFEFEFEFEFEFEFE,0000000000000000,000000004000000000000000000000000000000000000000,ABEFC7573D35A7979FE7CFF72BBF21755768E2680C488D9C,192,192,0101010101010101,0707070707070707,FEFEFEFEFEFEFEFE
01010101010101010707070707070707FEFEFEFEFEFEFEFE,0000000000000000,000000008000000000000000000000000000000000000000,ABEFC757FD35A7979FE7CFF72BBF21755768E2680C488D9C,192,192,0101010101010101,0707070707070707,FEFEFEFEFEFEFEFE
01010101010101010707070707070707FEFEFEFEFEFEFEFE,0000000000000000,000000010000000000000000000000000000000000000000,ABEFC7567D35A7979FE7CFF72BBF21755768E2680C488D9C,192,192,0101010101010101,0707070707070707,FEFEFEFEFEFEFEFE
01010101010101010707070707070707FEFEFEFEFEFEFEFE,0000000000000000,000000020000000000000000000000000000000000000000,ABEFC7557D35A7979FE7CFF72BBF21755768E2680C488D9C,192,192,0101010101010101,0707070707070707,FEFEFEFEFEFEFEFE
01010101010101010707070707070707FEFEFEFEFEFEFEFE,0000000000000000,000000040000000000000000000000000000000000000000,ABEFC7537D35A7979FE7CFF72BBF21755768E2680C488D9C,192,192,0101010101010101,0707070707070707,FEFEFEFEFEFEFEFE
01010101010101010707070707070707FEFEFEFEFEFEFEFE,0000000000000000,000000080000000000000000000000000000000000000000,ABEFC75F7D35A7979FE7CFF72BBF21755768E2680C488D9C,192,192,0101010101010101,0707070707070707,FEFEFEFEFEFEFEFE
01010101010101010707070707070707FEFEFEFEFEFEFEFE,0000000000000000,000000100000000000000000000000000000000000000000,ABEFC7477D35A7979FE7CFF72BBF21755768E2680C488D9C,192,192,0101010101010101,0707070707070707,FEFEFEFEFEFEFEFE
01010101010101010707070707070707FEFEFEFEFEFEFEFE,0000000000000000,000000200000000000000000000000000000000000000000,ABEFC7777D35A7979FE7CFF72BBF21755768E2680C488D9C,192,192,0101010101010101,0707070707070707,FEFEFEFEFEFEFEFE
01010101010101010707070707070707FEFEFEFEFEFEFEFE,0000000000000000,000000400000000000000000000000000000000000000000,ABEFC7177D35A7979FE7CFF72BBF21755768E2680C488D9C,192,192,0101010101010101,0707070707070707,FEFEFEFEFEFEFEFE
01010101010101010707070707070707FEFEFEFEFEFEFEFE,0000000000000000,000000800000000000000000000000000000000000000000,ABEFC7D77D35A7979FE7CFF72BBF21755768E2680C488D9C,192,192,0101010101010101,0707070707070707,FEFEFEFEFEFEFEFE
01010101010101010707070707070707FEFEFEFEFEFEFEFE,0000000000000000,000001000000000000000000000000000000000000000000,ABEFC6577D35A7979FE7CFF72BBF21755768E2680C488D9C,192,192,0101010101010101,0707070707070707,FEFEFEFEFEFEFEFE
01010101010101010707070707070707FEFEFEFEFEFEFEFE,0000000000000000,000002000000000000000000000000000000000000000000,ABEFC5577D35A7979FE7CFF72BBF21755768E2680C488D9C,192,192,0101010101010101,0707070707070707,FEFEFEFEFEFEFEFE
01010101010101010707070707070707FEFEFEFEFEFEFEFE,0000000000000000,000004000000000000000000000000000000000000000000,ABEFC3577D35A7979FE7CFF72BBF21755768E2680C488D9C,192,192,0101010101010101,0707070707070707,FEFEFEFEFEFEFEFE
01010101010101010707070707070707FEFEFEFEFEFEFEFE,0000000000000000,000008000000000000000000000000000000000000000000,ABEFCF577D35A7979FE7CFF72BBF21755768E2680C488D9C,192,192,0101010101010101,0707070707070707,FEFEFEFEFEFEFEFE
01010101010101010707070707070707FEFEFEFEFEFEFEFE,0000000000000000,000010000000000000000000000000000000000000000000,ABEFD7577D35A7979FE7CFF72BBF21755768E2680C488D9C,192,192,0101010101010101,0707070707070707,FEFEFEFEFEFEFEFE
01010101010101010707070707070707FEFEFEFEFEFEFEFE,0000000000000000,000020000000000000000000000000000000000000000000,ABEFE7577D35A7979FE7CFF72BBF21755768E2680C488D9C,192,192,0101010101010101,0707070707070707,FEFEFEFEFEFEFEFE
01010101010101010707070707070707FEFEFEFEFEFEFEFE,0000000000000000,000040000000000000000000000000000000000000000000,ABEF87577D35A7979FE7CFF72BBF21755768E2680C488D9C,192,192,0101010101010101,0707070707070707,FEFEFEFEFEFEFEFE
01010101010101010707070707070707FEFEFEFEFEFEFEFE,0000000000000000,000080000000000000000000000000000000000000000000,ABEF47577D35A7979FE7CFF72BBF21755768E2680C488D9C,192,192,0101010101010101,0707070707070707,FEFEFEFEFEFEFEFE
01010101010101010707070707070707FEFEFEFEFEFEFEFE,0000000000000000,000100000000000000000000000000000000000000000000,ABEEC7577D35A7979FE7CFF72BBF21755768E2680C488D9C,192,192,0101010101010101,0707070707070707,FEFEFEFEFEFEFEFE
01010101010101010707070707070707FEFEFEFEFEFEFEFE,0000000000000000,000200000000000000000000000000000000000000000000,ABEDC7577D35A7979FE7CFF72BBF21755768E2680C488D9C,192,192,0101010101010101,0707070707070707,FEFEFEFEFEFEFEFE
01010101010101010707070707070707FEFEFEFEFEFEFEFE,0000000000000000,000400000000000000000000000000000000000000000000,ABEBC7577D35A7979FE7CFF72BBF21755768E2680C488D9C,192,192,0101010101010101,0707070707070707,FEFEFEFEFEFEFEFE
01010101010101010707070707070707FEFEFEFEFEFEFEFE,0000000000000000,000800000000000000000000000000000000000000000000,ABE7C7577D35A7979FE7CFF72BBF21755768E2680C488D9C,192,192,0101010101010101,0707070707070707,FEFEFEFEFEFEFEFE
01010101010101010707070707070707FEFEFEFEFEFEFEFE,0000000000000000,001000000000000000000000000000000000000000000000,ABFFC7577D35A7979FE7CFF72BBF21755768E2680C488D9C,192,192,0101010101010101,0707070707070707,FEFEFEFEFEFEFEFE
01010101010101010707070707070707FEFEFEFEFEFEFEFE,0000000000000000,002000000000000000000000000000000000000000000000,ABCFC7577D35A7979FE7CFF72BBF21755768E2680C488D9C,192,192,0101010101010101,0707070707070707,FEFEFEFEFEFEFEFE
01010101010101010707070707070707FEFEFEFEFEFEFEFE,0000000000000000,004000000000000000000000000000000000000000000000,ABAFC7577D35A7979FE7CFF72BBF21755768E2680C488D9C,192,192,0101010101010101,0707070707070707,FEFEFEFEFEFEFEFE
01010101010101010707070707070707FEFEFEFEFEFEFEFE,0000000000000000,008000000000000000000000000000000000000000000000,AB6FC7577D35A7979FE7CFF72BBF21755768E2680C488D9C,192,192,0101010101010101,0707070707070707,FEFEFEFEFEFEFEFE
01010101010101010707070707070707FEFEFEFEFEFEFEFE,0000000000000000,010000000000000000000000000000000000000000000000,AAEFC7577D35A7979FE7CFF72BBF21755768E2680C488D9C,192,192,0101010101010101,0707070707070707,FEFEFEFEFEFEFEFE
01010101010101010707070707070707FEFEFEFEFEFEFEFE,0000000000000000,020000000000000000000000000000000000000000000000,A9EFC7577D35A7979FE7CFF72BBF21755768E2680C488D9C,192,192,0101010101010101,0707070707070707,FEFEFEFEFEFEFEFE
01010101010101010707070707070707FEFEFEFEFEFEFEFE,0000000000000000,040000000000000000000000000000000000000000000000,AFEFC7577D35A7979FE7CFF72BBF21755768E2680C488D9C,192,192,0101010101010101,0707070707070707,FEFEFEFEFEFEFEFE
01010101010101010707070707070707FEFEFEFEFEFEFEFE,0000000000000000,080000000000000000000000000000000000000000000000,A3EFC7577D35A7979FE7CFF72BBF21755768E2680C488D9C,192,192,0101010101010101,0707070707070707,FEFEFEFEFEFEFEFE
01010101010101010707070707070707FEFEFEFEFEFEFEFE,0000000000000000,100000000000000000000000000000000000000000000000,BBEFC7577D35A7979FE7CFF72BBF21755768E2680C488D9C,192,192,0101010101010101,0707070707070707,FEFEFEFEFEFEFEFE
01010101010101010707070707070707FEFEFEFEFEFEFEFE,0000000000000000,200000000000000000000000000000000000000000000000,8BEFC7577D35A7979FE7CFF72BBF21755768E2680C488D9C,192,192,0101010101010101,0707070707070707,FEFEFEFEFEFEFEFE
01010101010101010707070707070707FEFEFEFEFEFEFEFE,0000000000000000,400000000000000000000000000000000000000000000000,EBEFC7577D35A7979FE7CFF72BBF21755768E2680C488D9C,192,192,0101010101010101,0707070707070707,FEFEFEFEFEFEFEFE
01010101010101010707070707070707FEFEFEFEFEFEFEFE,0000000000000000,800000000000000000000000000000000000000000000000,2BEFC7577D35A7979FE7CFF72BBF21755768E2680C488D9C,192,192,0101010101010101,0707070707070707,FEFEFEFEFEFEFEFE
